36,228,162,203,8,124,210,210,116,148,168,61,35,164,102,40,217,68,163,207,5,5,63,64,
52,98,52,32,72,144,40,224,40,104,211,119,133,247,69,163,77,126,65,220,30,33,185,0,
36,221,233,227,41,4,42,199,184,205,150,62,92,43,135,20,83,119,133,247,69,163,77,112,
36,228,129,108,119,68,80,162,135,13,139,18,1,83,204,77,222,23,221,22,141,53,249,0,
52,198,89,81,206,61,166,154,33,100,221,225,125,209,104,211,95,144,119,7,136,110,65,128,
52,198,89,81,206,61,166,154,33,116,221,225,125,209,104,211,95,144,119,7,136,110,65,128,
36,160,65,4,68,37,138,85,86,240,211,119,133,247,69,163,77,126,65,220,30,33,185,0,
52,248,211,205,16,228,253,89,219,247,184,68,13,54,252,167,215,244,82,119,133,247,69,160,
52,88,246,24,147,82,49,128,32,149,205,29,221,2,48,49,118,125,199,17,3,154,10,128,
36,227,105,61,243,15,51,82,9,164,51,73,252,103,67,138,128,10,56,170,101,188,59,80,
52,83,17,17,208,84,68,129,14,28,195,21,71,82,119,133,247,69,163,77,126,65,220,16,
52,81,37,12,20,117,196,80,86,93,96,124,213,121,121,6,83,221,37,212,117,74,85,224,
52,68,83,119,221,81,116,213,211,20,70,82,211,87,95,127,67,209,14,93,93,53,147,112,
52,160,77,245,136,25,146,8,33,138,8,97,134,40,99,178,10,81,77,116,157,225,125,208,
36,141,16,103,143,76,35,64,68,161,195,121,19,210,24,148,216,61,20,147,119,133,247,64,
36,197,72,52,16,93,74,8,60,196,154,60,115,221,55,120,95,116,90,52,215,228,29,192,
52,26,150,219,10,9,151,206,111,170,90,37,133,137,167,141,189,155,235,200,38,30,226,160,
36,118,76,48,151,93,255,251,53,98,239,168,245,60,136,195,79,77,222,23,221,22,141,48,
52,166,61,53,191,61,149,254,104,227,52,247,198,121,203,56,247,0,151,73,222,23,221,16,
52,198,89,81,206,61,166,154,33,100,221,225,125,209,104,211,95,144,119,7,136,110,65,128,
52,21,53,17,49,50,212,78,4,225,56,121,164,157,225,125,209,104,211,95,144,119,7,128,
36,51,93,212,55,65,247,146,254,7,222,239,234,223,83,150,146,123,183,63,228,178,252,224,
52,89,100,136,26,137,232,68,129,70,73,68,157,225,125,209,104,211,95,144,119,7,136,96,
52,71,132,113,132,151,34,115,77,68,35,91,73,222,23,221,22,141,53,249,7,112,120,128,
52,83,41,53,4,24,96,159,10,148,6,114,36,221,225,125,209,104,211,95,144,119,7,128,
52,68,83,119,221,93,116,213,211,20,70,82,211,87,95,127,67,209,14,93,93,53,147,112,
52,68,83,119,221,93,116,213,83,20,71,82,211,87,95,127,67,209,12,93,93,53,147,112,