


#				Match result for No. 4.  Code: 
52,198,89,81,206,61,166,154,33,100,221,225,125,209,104,211,95,144,119,7,136,110,65,128,
#	　No. 5, mis: 1
52,198,89,81,206,61,166,154,33,116,221,225,125,209,104,211,95,144,119,7,136,110,65,128,
#	　No. 19, mis: 0
52,198,89,81,206,61,166,154,33,100,221,225,125,209,104,211,95,144,119,7,136,110,65,128,



#				Match result for No. 5.  Code: 
52,198,89,81,206,61,166,154,33,116,221,225,125,209,104,211,95,144,119,7,136,110,65,128,
#	　No. 19, mis: 1
52,198,89,81,206,61,166,154,33,100,221,225,125,209,104,211,95,144,119,7,136,110,65,128,



#				Match result for No. 12.  Code: 
52,68,83,119,221,81,116,213,211,20,70,82,211,87,95,127,67,209,14,93,93,53,147,112,
#	　No. 25, mis: 1
52,68,83,119,221,93,116,213,211,20,70,82,211,87,95,127,67,209,14,93,93,53,147,112,



#				Match result for No. 25.  Code: 
52,68,83,119,221,93,116,213,211,20,70,82,211,87,95,127,67,209,14,93,93,53,147,112,
#	　No. 26, mis: 3
52,68,83,119,221,93,116,213,83,20,71,82,211,87,95,127,67,209,12,93,93,53,147,112,
